$ 1 0.000005 10.20027730826997 37 5 50 5e-11
R 528 48 528 16 0 0 40 5 0 0 0.5
r 528 48 528 128 0 0.8
400 480 192 528 192 1 0\s1\s-0.35115531895502716\s0.6524853343327179\s100\sdefault 0\s1\s-1.003640653287745\s0.7718554264790178\s100\sdefault 1
w 528 176 528 128 0
w 528 208 528 256 0
r 528 256 528 320 0 2.7
g 528 320 528 352 0 0
a 384 192 480 192 9 15 -15 1000000 4.97496088129049 4.9750000000000005 100000
a 144 208 272 208 8 15 -15 1000000 2.487480440645245 2.487530190254058 100000
w 272 208 384 208 0
w 144 192 144 144 0
r 144 144 272 144 0 10000
w 272 144 272 208 0
w 528 256 144 256 0
w 144 256 144 224 0
r 144 192 64 192 0 10000
g 64 192 64 304 0 0
g 240 48 240 64 0 0
174 240 48 512 112 1 10000 0.9950000000000001 Resistance
w 384 176 384 112 0
